{
  "exact": 62.07361239787754,
  "f1": 64.64188378785673,
  "total": 11873,
  "HasAns_exact": 51.973684210526315,
  "HasAns_f1": 57.11759214123165,
  "HasAns_total": 5928,
  "NoAns_exact": 72.14465937762826,
  "NoAns_f1": 72.14465937762826,
  "NoAns_total": 5945,
  "best_exact": 62.890592099722056,
  "best_exact_thresh": -1.6659483909606934,
  "best_f1": 64.99615319972531,
  "best_f1_thresh": -0.7963929176330566
}