{
  "exact": 60.987113619135854,
  "f1": 63.4948451260855,
  "total": 11873,
  "HasAns_exact": 52.378542510121456,
  "HasAns_f1": 57.401197061743005,
  "HasAns_total": 5928,
  "NoAns_exact": 69.57106812447435,
  "NoAns_f1": 69.57106812447435,
  "NoAns_total": 5945,
  "best_exact": 62.621073022824895,
  "best_exact_thresh": -1.7082133293151855,
  "best_f1": 64.49003424935636,
  "best_f1_thresh": -1.2304916381835938
}



params : 
  --train_batch_size=64 \
  --max_seq_length=69 