{
  "exact": 63.26960330160869,
  "f1": 65.92658898956252,
  "total": 11873,
  "HasAns_exact": 54.267881241565455,
  "HasAns_f1": 59.58947217831888,
  "HasAns_total": 5928,
  "NoAns_exact": 72.24558452481077,
  "NoAns_f1": 72.24558452481077,
  "NoAns_total": 5945,
  "best_exact": 64.57508633032931,
  "best_exact_thresh": -1.3927099704742432,
  "best_f1": 66.62526711796525,
  "best_f1_thresh": -1.0519943237304688
}
