{
  "exact": 62.94954939779331,
  "f1": 65.4681867712873,
  "total": 11873,
  "HasAns_exact": 52.68218623481781,
  "HasAns_f1": 57.7266837947862,
  "HasAns_total": 5928,
  "NoAns_exact": 73.18755256518082,
  "NoAns_f1": 73.18755256518082,
  "NoAns_total": 5945,
  "best_exact": 64.1286953592184,
  "best_exact_thresh": -1.0832833051681519,
  "best_f1": 66.22384038139512,
  "best_f1_thresh": -1.0832833051681519
}
